{\rtf1\ansi\ansicpg1252\cocoartf2757
\cocoatextscaling0\cocoaplatform0{\fonttbl\f0\fswiss\fcharset0 Helvetica;}
{\colortbl;\red255\green255\blue255;}
{\*\expandedcolortbl;;}
\paperw11900\paperh16840\margl1440\margr1440\vieww18520\viewh16620\viewkind0
\pard\tx720\tx1440\tx2160\tx2880\tx3600\tx4320\tx5040\tx5760\tx6480\tx7200\tx7920\tx8640\pardirnatural\partightenfactor0

\f0\fs24 \cf0 \{'spc_cnt': 0.017598760557487172,\
 'spc_roff': 0.020276547475079527,\
 'zc': 0.013194331737329885,\
 'mfcc_0': 0.00445566580246576,\
 'mfcc_1': 0.013260579567414596,\
 'mfcc_2': 0.01704025518624647,\
 'mfcc_3': 0.019972645347036612,\
 'mfcc_4': 0.011030141386888766,\
 'chr_0': 0.046661906102022366,\
 'chr_1': 0.046453836627875396,\
 'chr_2': 0.04565814816620319,\
 'chr_3': 0.05021194591746068,\
 'chr_4': 0.054202045321349264,\
 'chr_5': 0.05056064372116804,\
 'chr_6': 0.04976235056985865,\
 'chr_7': 0.051163536031714245,\
 'chr_8': 0.05459863317926425,\
 'chr_9': 0.06209083715791311,\
 'chr_10': 0.05031057906502445,\
 'chr_11': 0.036422645078787085,\
 'chr_12': 0.03886531090701734,\
 'chr_13': 0.042690049536432635,\
 'chr_14': 0.045038942362909555,\
 'mel_0': 0.008208628993639543,\
 'mel_1': 0.006206371513426517,\
 'mel_2': 0.00557596587981243,\
 'mel_3': 0.006443600737522322,\
 'mel_4': 0.006757518331234165,\
 'mel_5': 0.0062779762390903285,\
 'mel_6': 0.007151412071799966,\
 'mel_7': 0.006338684698588729,\
 'mel_8': 0.007678713819755666,\
 'mel_9': 0.00851567924710332,\
 'delta_power': 0.0002356286870162049,\
 'theta_power': 0.00023855405820703086,\
 'alpha_power': 0.0001308465889788331,\
 'beta_power': 0.00011400330428468116,\
 'gamma_power': 0.00016362084108533867,\
 'gamma_beta': 0.007727695669600045,\
 'gamma_alpha': 0.0020870236518310326,\
 'gamma_theta': 0.0005334154865548797,\
 'gamma_delta': 0.0009312719542927603,\
 'beta_alpha': 0.0003127540857939338,\
 'beta_theta': 0.0012996381919073562,\
 'beta_delta': 0.0006796508758216318,\
 'alpha_theta': 0.0023826570188317216,\
 'alpha_delta': 0.003282368290026323,\
 'theta_delta': 0.0023136679593005103,\
 'mean_abs_sec_dif': 0.0002017594740136185,\
 'dfa': 0.007680394289456608,\
 'peak_freq': 0.0064644788120797915,\
 'max_freq': 0.0024673290303975927,\
 'slope': 0.0006468466471267487\}}